[ 0.00000000e+00  0.00000000e+00  0.00000000e+00  0.00000000e+00
  0.00000000e+00  0.00000000e+00  0.00000000e+00  0.00000000e+00
  0.00000000e+00  0.00000000e+00  0.00000000e+00  0.00000000e+00
 -8.71954984e-05 -1.58665915e-03 -1.55318164e-03 -6.47159016e-05
  0.00000000e+00  0.00000000e+00  0.00000000e+00  0.00000000e+00
  0.00000000e+00  0.00000000e+00  0.00000000e+00  0.00000000e+00
  0.00000000e+00  0.00000000e+00  0.00000000e+00  0.00000000e+00
  0.00000000e+00  0.00000000e+00  0.00000000e+00  0.00000000e+00
 -7.26174666e-09 -7.42333961e-06 -2.34939403e-04 -5.34487537e-04
 -1.75933826e-03 -6.61163731e-03 -2.82043967e-02  1.84826089e-01
  4.56187048e-01  1.82434841e-01 -9.41296295e-02  2.83010482e-01
  7.98769907e-01  3.78501012e-01 -6.93858412e-03 -7.74756411e-03
 -7.48460230e-03 -2.02310056e-03 -3.50155816e-04 -5.38115025e-06
  0.00000000e+00  0.00000000e+00  0.00000000e+00  0.00000000e+00
  0.00000000e+00  0.00000000e+00 -3.06548501e-06 -1.07983617e-02
  4.53907603e-04 -8.70017004e-03 -9.52562615e-02 -1.71845672e-01
 -3.17117722e-01 -7.87256795e-01 -8.24736785e-01 -6.76155051e-01
 -1.26897248e+00 -1.17901649e+00 -1.72004370e+00 -1.72301819e+00
 -1.68364092e+00 -1.80499800e+00 -1.68622296e+00 -1.29871841e+00
 -1.30626537e+00 -6.14562807e-01 -2.69155929e-01 -1.06275225e-01
 -4.48554790e-02 -1.16911656e-03  0.00000000e+00  0.00000000e+00
  0.00000000e+00  0.00000000e+00 -6.76745443e-06 -9.36778419e-02
 -1.02770055e-01 -2.88718582e-01 -5.49505845e-01 -8.12088543e-01
 -6.11402014e-01 -1.58880645e+00 -2.79703103e+00 -8.09277417e-01
 -1.39880382e+00  2.80191577e-01 -8.91152379e-01 -6.42381050e-01
 -1.00105071e+00 -4.01018921e-01 -1.37902300e+00 -9.42956678e-01
 -9.74762948e-01 -1.56520880e+00 -1.24460253e+00 -4.26892278e-01
 -1.58335036e-01 -2.52829407e-01 -6.37642466e-02  0.00000000e+00
  0.00000000e+00 -5.72142501e-07 -1.35975744e-03 -2.22778113e-02
 -5.99810732e-02 -6.90605431e-01 -6.16615678e-01 -7.25254907e-01
 -3.56612031e-01  1.56737384e-01 -5.38393088e-01  5.58260453e-01
 -8.19991449e-01  5.12959523e-01 -8.62144980e-01  8.01052086e-01
 -1.03056089e+00  4.36824762e-01 -1.16047126e-01  3.33899298e-01
 -5.74249837e-02 -1.74837741e-01 -2.33871905e-02 -4.75664102e-01
 -9.13846963e-01 -4.66560660e-01 -3.92662487e-02 -1.89419858e-03
  0.00000000e+00  0.00000000e+00 -1.89927026e-02 -7.27473073e-02
 -2.21595048e-01 -5.67206692e-01  6.26948058e-01 -8.50742717e-01
 -1.00102633e-01  9.23055173e-02  8.57112524e-01 -3.92186287e-02
 -7.34628883e-01  6.03641620e-01 -2.76688259e-01  3.21321866e-01
 -1.70413270e-01 -1.05350427e-01  1.27505101e-01 -6.08404557e-01
  2.09693910e-01 -8.99156412e-01 -3.36161501e-02 -4.74443033e-01
 -1.15615034e+00 -1.36819965e+00 -3.12348006e-01 -1.71527614e-01
  0.00000000e+00 -3.06187407e-04 -7.50491420e-03 -6.07301279e-02
 -4.51674508e-01  4.07802494e-02 -1.48952375e-01 -3.88820246e-01
  3.59942450e-01 -2.06024361e+00  2.19030703e-01 -2.80923255e-01
 -2.08555693e-01  5.05046840e-01  5.87772315e-02  4.23189656e-03
 -1.64768386e-02  2.83185968e-01  2.38078485e-01  3.56643099e-01
 -3.98346172e-01  9.84995416e-01  3.72874783e-01 -5.62858580e-02
 -1.88888746e+00 -2.42355628e+00 -1.37557546e+00 -5.18281462e-01
 -4.73618019e-06 -4.05942402e-02 -3.52536823e-02 -1.08477915e-01
 -6.00540172e-01  4.43596676e-03 -4.87435602e-02  4.80400264e-02
 -6.93618978e-01  3.48285086e-01 -4.84770546e-03  3.32417186e-01
 -5.13925756e-01  4.90775955e-01  2.64277551e-01 -1.89544424e-01
 -4.15744380e-01  6.66815482e-01 -1.27235611e-02  6.07213788e-01
 -9.56460524e-02 -2.78024395e-01 -4.79956768e-01  1.38780422e-01
 -1.13566197e+00 -2.53417432e+00 -1.19005287e+00 -4.74865188e-02
  1.40453543e-01 -1.31497904e-02 -1.80642375e-03  3.65567048e-02
 -8.88285998e-01 -5.89429864e-01 -2.43688857e-01  3.28456465e-01
 -9.06416572e-02  3.41211488e-01 -3.00084707e-01 -4.41089790e-01
  9.20388562e-01 -6.98109111e-01  4.88207448e-01  2.78022278e-01
  1.05661762e+00  2.71265183e-01  3.17217601e-01 -3.63070004e-01
  2.67894662e-01  2.54403837e-01  5.42422428e-01  3.07232347e-01
 -1.49870056e+00 -3.06503451e+00 -1.03232501e+00 -4.14044517e-02
 -3.56782709e-03 -2.43442824e-02  4.94976074e-02 -1.72074697e-01
 -1.01299751e+00  1.65624580e-01 -8.42227106e-02 -3.16167729e-01
 -9.40229227e-02 -1.62801366e-01  8.30170076e-01 -5.80316441e-01
 -5.84808406e-01  7.83097158e-01 -5.12158667e-02 -5.62857684e-01
  3.75732557e-01  2.18308353e-01 -3.88654512e-02  8.72967726e-01
  3.48087795e-01 -3.63342127e-02 -1.12293131e+00  4.23756536e-01
 -8.86577227e-01 -2.68612862e+00 -1.59025602e+00 -1.09808460e-02
 -4.18762152e-03 -1.43479697e-02  4.32414381e-01 -4.96056686e-01
 -4.28592315e-01  5.73639891e-01  1.92913784e-01  3.75193714e-01
 -2.02001174e-01  2.33262832e-01 -5.16827803e-01  5.26258040e-01
 -3.96658170e-02 -3.18656991e-01  1.41036071e-01  3.83431485e-01
 -7.17537604e-02  6.06047803e-01  8.04411290e-01 -7.12142699e-01
  1.29505064e-01 -1.11275873e-01  1.40962278e+00  7.21982646e-01
 -2.00986292e-03 -2.60598168e+00 -1.49601542e+00 -1.34968499e-03
 -2.35619057e-03  7.41026700e-02 -1.21985822e-01 -3.32503064e-04
 -1.70430665e+00 -5.86822817e-01  1.06227940e-01  9.24623147e-02
  7.77615839e-02 -4.28199184e-01 -9.10082345e-02  4.19517790e-01
 -9.22320354e-01  2.67110599e-01 -9.18245738e-01 -7.25914096e-01
 -2.83348949e-01  2.16403846e-01 -6.52727989e-01  8.35207818e-01
  2.35195679e-03  5.16767180e-01 -5.37106826e-01  3.08145484e-01
 -1.60796516e-01 -2.37824823e+00 -1.13222589e+00 -1.74781861e-02
 -2.51673119e-05 -8.46499261e-03 -7.63711119e-02  5.15430623e-02
 -1.48746379e+00  3.72703635e-01 -2.71443955e-01 -2.04762553e-01
 -2.05670291e-01 -7.38169230e-02 -5.74136354e-01 -4.74618127e-02
  2.92983430e-01  2.77707559e-01 -8.49627736e-01 -1.23810913e+00
 -5.97314527e-01  1.49260218e-01 -2.12784404e-01  1.11752399e-01
  5.20557033e-01  3.63214324e-01  8.79458011e-02 -1.24556492e-01
  6.71578577e-01 -7.39529989e-01 -6.19794017e-01 -2.30360695e-02
 -1.09369333e-07 -1.13538186e-04 -3.37311358e-02 -2.54890475e-01
  4.50916078e-01 -4.23521018e-01  1.38944049e+00  1.81027341e-01
  5.53109320e-01  1.73279299e-01  6.95633315e-01 -3.00339853e-01
 -1.02484842e-01 -1.28768426e+00  2.81432736e-02 -1.75868697e+00
 -2.76813181e-01 -3.13219464e-01  3.08600760e-02 -1.37996589e-01
 -8.91863336e-01 -2.97335124e-01  9.84241488e-01  6.18710501e-01
 -6.50494694e-01  7.42806192e-01 -2.47925728e-01 -4.02291299e-02
 -2.74936210e-04 -2.23250523e-03 -1.97049555e-01 -1.15103237e+00
 -3.39932163e-01  4.50361658e-01 -2.33127529e-01  8.43287884e-01
 -1.55080584e-01  3.92435119e-01 -5.68356109e-01  4.04354985e-01
  2.48287089e-01  1.76980797e-01 -2.25246978e+00 -1.02026234e-01
 -9.68484887e-01  8.62794756e-02 -4.54633334e-02 -9.73600437e-02
  5.64256033e-01  4.49440364e-01 -3.20382509e-01  3.92746585e-01
 -2.27143909e-01  7.25406843e-01 -3.47380701e-01 -7.90300822e-03
 -1.72557637e-04 -5.11192196e-05 -2.27081742e-01 -1.26689588e+00
  1.58026261e-01  3.88277983e-01 -5.36617269e-01  7.48018091e-01
  5.18796478e-01  5.28047450e-01  8.64608345e-01 -9.79422599e-01
  7.53229721e-01 -1.03610591e+00 -1.64255570e+00 -4.05316411e-01
 -9.54697988e-01 -2.55378349e-01 -2.15826677e-01 -3.94746082e-01
  1.29957984e-01 -5.32530619e-02  4.11315867e-01  1.06247229e-01
  9.39834489e-01 -4.52490682e-01 -5.49376550e-01 -3.68849913e-02
 -4.71624435e-04 -1.60347036e-04 -2.48635377e-02 -1.18282325e+00
 -2.82854174e-01  8.01646054e-01 -2.44098925e-01  5.07543337e-01
  3.11411070e-02  5.74965674e-01 -3.72712216e-02  9.95450960e-01
 -7.45658526e-01 -2.11071299e+00 -1.12703399e+00 -3.45655082e-05
 -5.48243643e-01  1.72425459e-01 -4.73993042e-01  3.57400364e-02
  8.36875527e-02  2.96267027e-01 -7.30592123e-01 -2.66209237e-01
 -9.20538787e-01 -1.60169120e+00 -1.18378401e+00 -5.01929672e-02
  0.00000000e+00 -6.76777749e-04 -6.08383738e-02 -9.85621261e-01
 -9.19897975e-02  1.48965042e-01  5.30000265e-01  4.43538801e-01
 -4.15048698e-02  3.72200943e-02  3.63974849e-01 -8.30074898e-01
  5.32460393e-01 -1.20340859e+00 -8.67491456e-01 -4.47715665e-01
 -6.01019714e-01  1.36218661e-01 -2.42044612e-01  4.70910564e-02
  3.67777280e-01 -7.78859744e-01  1.24312078e+00  4.44537439e-02
 -3.69353043e-02 -1.02686996e+00 -3.67399766e-01  2.65787346e-01
 -7.85596006e-03 -1.75527260e-04 -7.81550479e-02 -1.52307944e+00
 -7.33722411e-02 -4.35821185e-01 -3.00805829e-01 -1.34666608e-01
  4.80796242e-01  6.35563388e-01  5.31019206e-01  1.83055057e-01
 -4.75431589e-01 -1.30056837e+00 -5.42688633e-01 -9.50421502e-02
 -3.86775999e-01 -8.62169820e-02 -1.06407893e-01 -2.79678279e-01
 -7.95745253e-01 -2.00775684e-02 -4.87672859e-01 -1.38487513e-01
 -5.32610020e-02 -8.65670484e-01 -4.27732789e-01 -2.39594776e-01
 -1.62010020e-07  5.05310920e-02 -8.27322208e-02 -1.52215804e+00
 -7.77305366e-01 -2.96803004e-01  4.90717016e-01 -2.12324518e-01
  6.27496637e-01 -4.48777995e-01  3.26494206e-01 -1.56772142e-01
  9.99237258e-01 -7.23978136e-01 -3.74546926e-01 -5.17543373e-01
 -4.53643551e-02 -2.35558856e-01 -1.17935418e-01 -4.94596173e-01
  4.05738954e-01 -3.30485554e-02  3.23646431e-01 -3.93782845e-01
 -5.48813052e-01 -1.02911326e+00 -2.41864353e-01 -4.09805037e-02
  0.00000000e+00  1.28720433e-01 -1.84431661e-01 -1.03392017e+00
  3.62001268e-01  1.05925667e-01 -4.69172919e-01  2.28779740e-01
  2.48155227e-01 -1.10681939e-01  4.51741737e-01  5.37065561e-01
  2.18694484e-01  1.83608697e-01 -5.71846379e-01  2.81428358e-01
 -9.69067301e-01 -4.12042274e-02  1.24433837e-01 -1.23591456e-01
 -2.66730959e-01  3.85932319e-02 -1.85957465e-01 -7.70457932e-01
 -8.96318486e-01 -6.91006576e-01 -3.98610997e-02 -4.30127159e-05
 -1.72444873e-07 -1.90490587e-03 -5.34139200e-01 -4.69039479e-01
 -1.61771845e-01 -6.36540644e-02  2.93737970e-01 -1.62593578e-01
 -2.44965605e-01  4.27134028e-01  2.99840005e-01  3.86901442e-01
  4.46633984e-01 -1.95614123e-01 -3.38385126e-01 -3.03774443e-01
  6.49505948e-01 -1.39942742e+00 -4.71660433e-02 -4.67764938e-01
 -7.47644640e-01 -3.32985738e-01  5.24727222e-01 -6.74368034e-01
 -4.97270359e-01 -2.11680206e-01  3.58238543e-01  8.91379423e-05
 -1.67055971e-07 -1.09942821e-04 -1.98727783e-01 -2.61168129e-01
 -1.55407558e+00  3.62313062e-02  3.86927469e-01 -3.52150646e-02
  2.23620495e-01  2.01612044e-01 -2.27569276e-01  2.17875421e-01
 -3.79839226e-01  1.38544497e+00 -5.30304541e-01 -8.89426569e-02
 -4.15726700e-01  7.14687603e-01 -1.23036299e+00  4.14760340e-01
  3.46709115e-01 -3.52154878e-01  3.65689401e-01 -1.98222474e-01
 -8.87562845e-01 -1.50807935e-01  5.00255308e-02  1.64562355e-04
  0.00000000e+00  0.00000000e+00 -1.81879681e-02 -1.77737561e-01
 -1.52255381e+00 -3.19587415e-01  1.98663214e-01 -8.95783299e-02
 -4.78996110e-01 -8.60959239e-02  4.82024291e-01  8.25450417e-02
 -8.59760593e-02 -1.82788607e-02  4.94584464e-01 -3.60301355e-01
 -8.53118036e-01  8.06609058e-01 -7.23335307e-01 -5.67668044e-01
 -1.37179624e+00 -6.77695758e-01 -2.50286446e-01 -7.09124283e-01
 -9.11209636e-01 -8.44168702e-02 -5.19266145e-03  0.00000000e+00
  0.00000000e+00  0.00000000e+00 -3.81026962e-02 -6.05024462e-02
 -3.94240476e-01 -3.90729762e-01 -8.32647870e-01 -3.78997806e-01
  1.86954927e-01  4.69577240e-01 -2.99496720e-01 -7.27428230e-01
  3.59298578e-01 -1.80674679e-01  3.40257645e-02  1.44187975e-01
 -8.10843035e-01 -2.04193290e-01 -3.68969922e-01 -1.17514046e+00
 -1.33321427e+00 -1.61167902e+00 -1.10284849e+00 -8.81488077e-01
 -2.35771039e-01 -1.68288563e-03 -4.88980459e-06  0.00000000e+00
  0.00000000e+00  0.00000000e+00 -4.59073379e-05 -3.16966604e-03
 -2.49364570e-01 -8.41671095e-01 -1.80839628e+00 -2.22721905e+00
 -2.22113260e+00 -1.67797135e+00 -2.12142919e+00 -9.09989216e-01
 -2.45900821e+00 -2.57574018e+00 -2.07690619e+00 -2.92344348e+00
 -2.21912303e+00 -3.01743618e+00 -3.03994911e+00 -1.59888840e+00
 -1.56827388e+00 -1.47123680e+00 -9.72057872e-01 -4.89600606e-01
 -1.26824003e-01 -4.55042254e-06 -5.14770645e-06  0.00000000e+00
  0.00000000e+00  0.00000000e+00  0.00000000e+00 -3.85756157e-05
 -5.45643235e-03 -2.03630443e-01 -4.33582516e-01 -7.33197781e-01
 -1.06982172e+00 -1.56337101e+00 -1.48015883e+00 -1.48322099e+00
 -1.21744784e+00 -1.49662512e+00 -1.51169169e+00 -1.69639270e+00
 -1.44248100e+00 -1.22801730e+00 -8.86229334e-01 -2.87803935e-01
 -7.87494274e-01 -1.04149700e+00 -6.72542587e-01 -1.06951070e-01
 -1.82863140e-03 -1.48432065e-04  0.00000000e+00  0.00000000e+00
  0.00000000e+00  0.00000000e+00  0.00000000e+00  0.00000000e+00
 -2.59253110e-04 -1.09358285e-02 -4.20105573e-02 -5.51863831e-02
 -6.28691603e-02 -1.39233060e-01 -1.72284188e-01 -1.82399608e-01
 -1.65681030e-01 -2.17196914e-01 -3.98414915e-01 -4.62620040e-01
 -2.44303460e-01 -1.36324341e-01 -1.30022848e-01 -3.24286211e-02
 -5.89345745e-02 -2.30098181e-01 -7.22166515e-01 -1.66545279e-01
  0.00000000e+00  0.00000000e+00  0.00000000e+00  0.00000000e+00]